$ANSIBLE_VAULT;1.1;AES256
64363038363835383732333331353038363962363066386433336165366666303766373430323734
3863613064343034313166396438396233343366313830330a333137623331613364663132313932
35336137633039613237393064303861376263316231613336636331333235336631653262653432
3533393164346664620a643730383264333566383030643533663230336138666431383161663335
38373933333330616661616231313837333164373137316364643038346134643261613162316138
61343736386431646131346434303162363762333735343963306238363762616163643134653866
32613734383538383838373762343637613764653063346661393533326231386366303430333034
35663938633430363536363536663337343864323064373439663533303066333131366134313733
62356530346233666334326136393662333662356631613138623334316665646364626232663432
37656463653531396633303963616339386636373161653061373835643361303638313930373263
61363461376631376537343464623839666166316339663363336435356662393861353165643865
61303436393163376164366662346137623239633163636435386637333664363963353939386432
32323966323262393666303239636363303830626634373639663734646466663032633762663163
62613733323362623434643566333936373961306665613832333563393233386366666463323562
38373833393635633035353332313662316164383033333864373732343035643262633439303935
34323735383965633739616332323732363231626662323533316433306265323265633733323866
6663
