$ANSIBLE_VAULT;1.1;AES256
34656535326565316239316263396631353163343963386162313262656566343430303030636135
3735626431653036626563393132633336643766323639340a643935323339383161393161613964
62363838653334393866383566363865396266653162396661626234633631316431396132643961
3631656439623136380a316662323666366430343236613861356532316163313239373866326439
38633561303862613333636432623139663934333164393561636335373537666262353963376636
61333662653031393963313030303035353339326162646366366536333038393635653261616233
32323638666430303039366330646331323761376637336263326137646337363831643864336637
63366461613939633163326631393138613530346236366434626635333364353130396339636161
62303032396134363164616663383737623233633139653862373766646232376263373266376138
30613530646438343337333638663961366465613437323834633736323130626362363133643536
38633366353536643466313836373731626235373338636565313461643465323961363966396533
62376531363336616261623131613238336334666261613430303733376364356333353733613862
66343230656664303134353261323336363635623235646139613934333739393165393434323936
31343231663732373638633137663638303565363961316533326230623265623265323861313466
38376238373931373138616135323336626336633966303230343563386234316262303336376535
39313131636237646364326263313234333662393338393962336630383363366436316361333364
64393934623561376664343334646339306335653438666138366536303961633865373739373066
30623862646639646234636636346463663764653461636666613462376664333765336364353838
39616531643634313463326439356666333031316535626333343232666566363733363763663831
65343066666335373363666538393935333934656565633130653037366665663832633032616638
61336230326635616236323936373935396631346436346261363466343962663865626234316139
30663661373033643033633563393262316237316135666530356163303532316137643330353066
30616464616236626630323434336637316633326139323339306534306262306132656430663134
64383138396339353734636139643330303662666330366565313838646433316666396137653935
32333566383665383439386630663738306664616231373837373034393836373365623461396263
6334373730646164626235383635336164333334336562646362
